1 f 22 1 0000
2 m 24 1 0000
3 m 30 1 0000
4 f 20 1 0000
5 f 45 1 0000
6 m 24 1 0000
7 f 20 1 0000
8 f 25 1 0000
9 f 23 1 0000
10 f 22 1 0000
11 f 45 1 0000
12 m 19 1 0000
13 m 20 1 0000
14 f 58 1 0000
15 m 50 1 0000
16 f 22 1 0000
17 m 31 1 0000
18 f 18 1 0000
19 m 20 1 0000
20 m 43 1 0000
21 m 27 1 0000
22 m 24 1 0000
23 m 20 1 0000
24 m 20 1 0000
25 m 21 1 0000
26 m 23 1 0000
27 m 20 1 0000
28 f 19 1 0000
29 m 26 1 0000
30 m 22 1 0000
31 m 35 1 0000
32 m 45 1 0000
33 m 28 1 0000
34 m 19 1 0000
35 f 21 1 0000
36 m 20 1 0000
37 f 22 1 0000
38 m 20 1 0000
39 f 20 1 0000
40 m 22 1 0000
41 m 50 1 0000
42 f 20 1 0000
43 f 30 1 0000
44 f 40 1 0000
45 m 19 1 0000
46 f 19 1 0000
47 f 21 1 0000
48 f 19 1 0000
49 m 32 1 0000
50 f 49 1 0000
51 f 19 1 0000
52 m 21 1 0000
53 m 23 1 0000
54 m 37 0 1100
55 m 21 1 0000
56 m 16 1 0000
57 m 35 1 0000
58 f 24 1 0000
59 m 21 1 0000
60 m 26 1 0000
61 f 23 1 0000
62 f 27 1 0000
63 f 24 1 0000
64 f 22 1 0000
65 f 20 1 0000
66 m 21 0 0011
67 m 21 1 0000
68 m 24 1 0000
69 m 34 1 0000
70 m 21 1 0000
71 f 25 1 0000
72 m 24 1 0000
73 f 24 0 1111
74 m 19 1 0000
75 m 36 1 0000
76 m 20 1 0000
77 f 24 1 0000
78 f 23 1 0000
79 f 23 1 0000
80 f 19 1 0000
81 f 22 1 0000
82 f 20 1 0000
83 m 19 1 0000
84 f 49 1 0000
85 f 24 1 0000
86 m 22 1 0000
87 m 20 1 0000
88 f 53 1 0000
89 f 19 1 0000
90 f 20 1 0000
91 f 23 1 0000
92 m 19 1 0000
93 m 23 1 0000
94 m 23 1 0000
95 f 24 1 0000
96 f 18 1 0000
97 m 23 1 0000
98 m 24 1 0000
99 f 18 1 0000
100 - - 1 0000
101 f 40 1 0000
102 f 19 1 0000
103 m 22 1 0000
104 m 19 1 0000
105 f 29 1 0000
106 f 18 1 0000
107 f 21 1 0000
108 f 48 1 0000
109 f 25 1 0000
110 f 22 1 0000
111 f 20 1 0000
112 m 20 1 0000
113 f 19 1 0000
114 f 26 1 0000
115 m 21 1 0000
116 f 48 1 0000
117 m 18 1 0000
118 f 23 1 0000
119 f 19 1 0000
120 m 21 1 0000
121 m 21 1 0000
122 f 22 1 0000
123 m 20 1 0000
124 m 21 1 0000
125 f 40 1 0000
126 m 21 1 0000
127 m 21 1 0000
128 f 22 1 0000
129 m 18 1 0000
130 f 22 1 0000
131 m 42 1 0000
132 f 43 1 0000
133 m 32 1 0000
134 m 48 1 0000
135 f 18 1 0000
136 f 19 1 0000
137 f 28 1 0000
138 m 44 1 0000
139 f 20 1 0000
140 f 19 1 0000
141 f 19 1 0000
142 m 17 1 0000
143 m 23 1 0000
144 f 19 1 0000
145 m 20 1 0000
146 f 22 1 0000
147 f 19 1 0000
148 m 25 0 0011
149 m 19 1 0000
150 f 23 1 0000
151 f 19 1 0000
152 f 24 1 0000
153 m 24 1 0000
154 m 23 1 0000
155 f 20 1 0000
156 f 25 1 0000
157 f 36 1 0000
158 f 20 1 0000
159 m 20 1 0000
160 f 19 1 0000
161 f 22 1 0000
162 f 20 1 0000
163 m 22 1 0000
164 m 27 1 0000
165 m 24 1 0000
166 f 20 1 0000
167 f 22 1 0000
168 f 20 1 0000
169 m 20 0 0011
170 f 21 1 0000
171 f 21 1 0000
172 f 21 1 0000
173 f 44 1 0000
174 f 49 1 0000
175 f 21 1 0000
176 m 20 1 0000
177 f 21 1 0000
178 f 45 1 0000
179 m 20 1 0000
180 m 23 1 0000
181 f 20 1 0000
182 m 33 1 0000
183 m 21 1 0000
184 m 19 1 0000
185 f 19 1 0000
186 m 25 1 0000
187 m 23 1 0000
188 m 35 1 0000
189 m 22 1 0000
190 f 22 1 0000
191 m 23 1 0000
192 f 20 1 0000
193 m 20 1 0000
194 f 18 1 0000
195 f 20 1 0000
196 f 24 1 0000
197 m 19 1 0000
198 f 20 1 0000
199 f 22 1 0000
200 m 23 1 0000
201 f 25 1 0000
202 f 19 1 0000
203 f 20 1 0000
204 f 21 1 0000
205 m 21 1 0000
206 f 24 1 0000
207 m 20 1 0000
208 m 22 1 0000
209 f 44 1 0000
210 m 23 0 0011
211 m 21 1 0000
212 m 23 1 0000
213 m 21 1 0000
214 f 24 1 0000
215 m 25 0 1100
216 m 19 1 0000
217 f 45 1 0000
218 m 22 1 0000
219 m 20 1 0000
220 m 20 1 0000
221 f 40 1 0000
222 f 47 1 0000
223 m 22 1 0000
224 m 20 1 0000
225 m 23 1 0000
226 f 26 1 0000
227 m 30 1 0000
228 f 24 1 0000
229 f 19 1 0000
230 f 19 1 0000
231 m 20 1 0000
232 f 23 1 0000
233 f 19 1 0000
234 f 21 1 0000
235 f 25 1 0000
236 m 22 1 0000
237 f 21 1 0000
238 m 19 1 0000
239 m 24 1 0000
240 m 18 1 0000
241 f 24 1 0000
242 m 21 1 0000
243 f 20 1 0000
244 m 20 1 0000
245 f 21 1 0000
246 m 45 1 0000
247 f 23 1 0000
248 m 22 1 0000
249 f 43 1 0000
250 f 24 1 0000
251 f 20 1 0000
252 m 20 1 0000
253 f 45 1 0000
254 m 24 1 0000
255 f 26 1 0000
256 m 19 1 0000
257 m 20 1 0000
258 m 25 1 0000
259 m 19 1 0000
260 f 21 1 0000
261 f 21 1 0000
262 f 30 1 0000
263 m 20 1 0000
264 f 21 1 0000
265 f 22 1 0000
266 f 20 1 0000
267 f 20 1 0000
268 m 27 1 0000
269 f 23 1 0000
270 m 25 1 0000
271 m 52 1 0000
272 f 47 1 0000
273 m 22 1 0000
274 f 40 1 0000
275 m 27 1 0000
276 f 39 1 0000
277 f 22 1 0000
278 m 23 1 0000
279 m 20 1 0000
280 f 20 1 0000
281 f 18 1 0000
282 f 21 1 0000
283 f 20 1 0000
284 f 22 1 0000
285 f 24 1 0000
286 m 22 1 0000
287 f 24 1 0000
288 f 20 1 0000
289 m 23 1 0000
290 m 20 1 0000
291 m 18 1 0000
292 m 23 1 0000
293 f 21 1 0000
294 m 20 1 0000
295 f 19 1 0000
296 m 22 1 0000
297 m 23 1 0000
298 m 20 1 0000
299 m 18 1 0000
300 f 20 1 0000
301 f 20 1 0000
302 m 27 1 0000
303 m 24 1 0000
304 f 22 1 0000
305 m 20 1 0000
306 f 50 1 0000
307 m 27 1 0000
308 f 19 1 0000
309 f 49 1 0000
310 m 25 1 0000
311 f 22 1 0000
312 f 30 1 0000
313 m 23 1 0000
314 m 21 1 0000
315 m 19 1 0000
316 f 28 1 0000
317 f 21 1 0000
318 m 23 1 0000
319 f 31 1 0000
320 f 18 1 0000
321 f 21 1 0000
322 m 21 1 0000
323 m 26 0 0011
324 m 23 1 0000
325 m 23 1 0000
326 f 22 1 0000
327 f 19 1 0000
328 f 50 1 0000
329 f 26 1 0000
330 m 22 1 0000
331 f 46 1 0000
332 m 26 1 0000
333 m 23 1 0000
334 m 19 1 0000
335 m 27 1 0000
336 m 25 1 0000
337 f 22 1 0000
338 m 21 1 0000
339 m 30 1 0000
340 f 22 1 0000
341 m 28 1 0000
342 f 23 1 0000
343 f 24 1 0000
344 f 25 1 0000
345 f 38 1 0000
346 f 23 1 0000
347 f 21 1 0000
348 f 20 1 0000
349 f 24 1 0000
350 f 66 1 0000
351 m 20 1 0000
352 m 32 1 0000
353 m 19 1 0000
354 m 20 1 0000
355 m 20 1 0000
356 f 42 1 0000
357 f 20 1 0000
358 f 37 1 0000
359 m 32 1 0000
360 f 54 1 0000
361 m 22 1 0000
362 f 55 1 0000
363 f 20 1 0000
364 m 19 1 0000
365 m 21 1 0000
366 f 29 1 0000
367 m 58 1 0000
368 m 38 1 0000
369 m 55 1 0000
370 f 54 1 0000
371 f 60 1 0000
372 m 53 1 0000
373 f 52 1 0000
374 m 27 1 0000
375 - - 1 0000
376 m 24 1 0000
377 f 26 1 0000
378 f 51 1 0000
379 m 20 1 0000
380 m 25 1 0000
381 f 39 0 0001
382 m 58 1 0000
383 m 42 1 0000
384 m 40 1 0000
385 m 35 1 0000
386 f 33 1 0000
387 f 20 1 0000
388 f 45 1 0000
389 m 19 1 0000
390 m 34 1 0000
391 m 23 1 0000
392 f 23 1 0000
393 - - 1 0000
394 f 45 1 0000
395 - - 1 0000
396 m 45 1 0000
397 m 22 1 0000
398 m 21 1 0000
399 m 20 1 0000
400 m 58 0 1111
401 f 30 1 0000
402 f 21 1 0000
403 m 21 1 0000
404 f 56 1 0000
405 m 21 1 0000
406 f 20 1 0000
407 m 41 1 0000
408 f 50 1 0000
409 m 54 1 0000
410 f 19 1 0000
411 m 31 1 0000
412 m 59 1 0000
413 m 21 1 0000
414 f 45 1 0000
415 m 58 1 0000
416 f 20 1 0000
417 m 60 1 0000
418 f 55 1 0000
419 f 62 1 0000
420 f 21 1 0000
421 - - 1 0000
422 f 22 1 0000
423 m 21 1 0000
424 f 52 1 0000
425 f 50 0 0001
426 f 38 1 0000
427 f 58 1 0000
428 m 45 1 0000
429 f 48 1 0000
430 f 32 1 0000
431 f 25 1 0000
432 f 38 1 0000
433 f 32 1 0000
434 f 50 1 0000
435 m 30 1 0000
436 f 43 1 0000
437 f 38 1 0000
438 m 63 1 0000
439 m 22 1 0000
440 m 28 1 0000
441 f 55 1 0000
442 f 21 1 0000
443 m 35 1 0000
444 f 23 1 0000
445 m 20 1 0000
446 m 23 1 0000
447 f 20 1 0000
448 m 22 1 0000
449 m 20 1 0000
450 m 50 1 0000
451 f 45 1 0000
452 m 22 0 0011
453 f 47 1 0000
454 f 23 1 0000
455 - - 1 0000
456 m 65 1 0000
457 m 50 1 0000
458 f 48 1 0000
459 f 21 1 0000
460 f 43 1 0000
461 f 32 1 0000
462 m 49 1 0000
463 m 48 1 0000
464 f 48 1 0000
465 f 20 1 0000
466 f 41 1 0000
467 f 45 1 0000
468 f 55 1 0000
469 f 45 1 0000
470 f 50 1 0000
471 f 49 1 0000
472 f 51 1 0000
473 m 59 0 1100
474 m 55 1 0000
475 m 58 1 0000
476 f 59 1 0000
477 m 55 1 0000
478 f 44 1 0000
479 m 31 1 0000
480 m 23 1 0000
481 f 35 1 0000
482 f 50 1 0000
483 m 20 1 0000
484 m 51 1 0000
485 - - 1 0000
486 m 46 1 0000
487 m 22 1 0000
488 m 33 0 0011
489 m 69 1 0000
490 m 56 1 0000
491 f 48 1 0000
492 f 50 1 0000
493 m 21 1 0000
494 m 24 1 0000
495 f 52 1 0000
496 f 58 1 0000
497 f 35 1 0000
498 f 45 1 0000
499 m 28 1 0000
500 m 20 1 0000
501 m 55 1 0000
502 f 53 1 0000
503 m 22 0 0001
504 m 30 1 0000
505 f 50 1 0000
506 f 50 1 0000
507 f 43 1 0000
508 m 22 1 0000
509 m 47 1 0000
510 - - 0 0010
511 m 24 1 0000
512 f 46 1 0000
513 m 66 1 0000
514 f 19 1 0000
515 m 50 1 0000
516 f 45 1 0000
517 m 52 1 0000
518 m 19 1 0000
519 m 20 1 0000
520 m 56 1 0000
521 f 56 1 0000
522 m 34 0 0011
523 m 60 1 0000
524 m 21 1 0000
525 f 60 1 0000
526 f 52 1 0000
527 - - 1 0000
528 m 20 1 0000
529 f 18 1 0000
530 f 21 1 0000
531 f 50 1 0000
532 f 35 1 0000
533 f 55 0 1111
534 m 21 1 0000
535 f 20 1 0000
536 f 52 1 0000
537 f 22 1 0000
538 m 24 1 0000
539 m 34 1 0000
540 f 57 1 0000
541 f 56 1 0000
542 m 23 0 1100
543 m 22 1 0000
544 m 48 1 0000
545 m 29 1 0000
546 m 20 1 0000
547 m 20 1 0000
548 m 40 1 0000
549 f 49 1 0000
550 f 52 1 0000
551 m 24 1 0000
552 f 48 1 0000
553 f 19 1 0000
554 m 60 0 1111
555 m 53 0 1100
556 m 50 1 0000
557 m 21 1 0000
558 m 50 1 0000
559 f 20 1 0000
560 f 45 1 0000
561 f 41 1 0000
562 m 60 0 1100
563 m 50 1 0000
564 f 55 1 0000
565 - - 1 0000
566 f 44 1 0000
567 m 22 1 0000
568 f 19 1 0000
569 m 32 1 0000
570 m 24 1 0000
571 m 30 1 0000
572 f 43 1 0000
573 f 22 1 0000
574 f 50 0 1100
575 f 57 1 0000
576 f 60 1 0000
577 f 24 1 0000
578 m 20 1 0000
579 m 42 1 0000
580 m 25 1 0000
581 f 21 1 0000
582 f 58 1 0000
583 m 24 1 0000
584 m 57 1 0000
585 m 24 1 0000
586 f 45 1 0000
587 f 47 1 0000
588 m 21 1 0000
589 m 18 1 0000
590 m 24 1 0000
591 m 20 1 0000
592 m 45 1 0000
593 m 55 1 0000
594 - - 1 0000
595 m 60 1 0000
596 f 19 1 0000
597 f 20 1 0000
598 f 54 1 0000
599 f 58 1 0000
600 m 61 1 0000
601 m 20 1 0000
602 f 19 1 0000
603 - - 1 0000
604 f 49 1 0000
605 m 21 1 0000
606 m 58 1 0000
607 m 69 1 0000
608 - - 1 0000
609 m 54 1 0000
610 - - 1 0000
611 m 59 1 0000
612 f 29 1 0000
613 m 51 1 0000
614 m 35 1 0000
615 f 20 1 0000
616 f 35 1 0000
617 m 25 1 0000
618 m 60 1 0000
619 m 52 1 0000
620 f 22 1 0000
621 m 23 1 0000
622 f 53 1 0000
623 f 55 1 0000
624 m 22 1 0000
625 f 19 1 0000
626 f 54 1 0000
627 m 55 1 0000
628 f 23 1 0000
629 m 21 1 0000
630 f 28 1 0000
631 m 40 1 0000
632 f 44 1 0000
633 m 22 1 0000
634 f 20 1 0000
635 m 59 1 0000
636 m 27 1 0000
637 m 58 1 0000
638 m 20 1 0000
639 m 47 1 0000
640 f 19 1 0000
641 f 46 1 0000
642 f 51 1 0000
643 f 20 1 0000
644 m 58 1 0000
645 m 61 1 0000
646 m 20 1 0000
647 m 45 1 0000
648 f 55 0 1100
649 f 53 1 0000
650 f 28 1 0000
651 m 22 1 0000
652 f 31 1 0000
653 f 52 1 0000
654 f 53 1 0000
655 m 58 0 0011
656 m 22 1 0000
657 m 19 0 0011
658 f 20 1 0000
659 m 19 1 0000
660 f 48 1 0000
661 f 58 1 0000
662 f 54 1 0000
663 f 40 1 0000
664 m 55 1 0000
665 f 40 1 0000
666 f 57 1 0000
667 m 35 1 0000
668 m 25 1 0000
669 m 31 1 0000
670 f 21 1 0000
671 f 40 1 0000
672 m 25 1 0000
673 m 23 1 0000
674 f 20 1 0000
675 f 22 1 0000
676 m 21 1 0000
677 m 21 1 0000
678 m 57 1 0000
679 m 20 1 0000
680 - - 1 0000
681 f 22 1 0000
682 m 40 1 0000
683 m 54 1 0000
684 f 32 1 0000
685 f 52 1 0000
686 f 50 1 0000
687 m 20 1 0000
688 f 21 1 0000
689 f 45 1 0000
690 m 18 1 0000
691 m 62 1 0000
692 f 21 1 0000
693 f 54 1 0000
694 f 48 1 0000
695 m 45 1 0000
696 m 43 0 0011
697 f 45 1 0000
698 f 60 1 0000
699 m 33 1 0000
700 f 55 1 0000
701 f 45 1 0000
702 f 37 1 0000
703 - - 1 0000
704 f 43 1 0000
705 m 38 1 0000
706 m 28 1 0000
707 f 56 1 0000
708 f 38 1 0000
709 m 52 1 0000
710 f 21 1 0000
711 - - 1 0000
712 f 22 1 0000
713 f 48 1 0000
714 f 50 1 0000
715 f 55 1 0000
716 m 19 1 0000
717 m 22 1 0000
718 f 58 1 0000
719 f 61 1 0000
720 f 48 1 0000
721 m 45 1 0000
722 f 38 1 0000
723 m 19 1 0000
724 f 23 1 0000
725 m 21 1 0000
726 m 22 0 0010
727 m 47 1 0000
728 f 50 1 0000
729 f 40 0 0001
730 m 58 0 0011
731 m 52 1 0000
732 m 30 1 0000
733 m 58 1 0000
734 m 22 1 0000
735 f 21 1 0000
736 f 57 1 0000
737 m 20 1 0000
738 - - 1 0000
739 m 20 1 0000
740 f 48 1 0000
741 f 48 1 0000
742 m 20 1 0000
743 m 49 1 0000
744 f 48 1 0000
745 f 20 1 0000
746 m 22 1 0000
747 m 52 1 0000
748 f 46 1 0000
749 m 56 1 0000
750 m 60 1 0000
751 m 28 1 0000
752 m 31 1 0000
753 m 21 1 0000
754 m 21 1 0000
755 f 60 1 0000
756 f 53 1 0000
757 f 20 1 0000
758 f 58 1 0000
759 f 47 1 0000
760 - - 1 0000
761 m 19 1 0000
762 f 48 1 0000
763 f 57 1 0000
764 m 51 1 0000
765 m 20 1 0000
766 m 21 1 0000
767 f 21 1 0000
768 f 38 1 0000
769 m 48 1 0000
770 f 59 1 0000
771 f 52 1 0000
772 f 24 1 0000
773 f 18 1 0000
774 m 20 1 0000
775 f 20 1 0000
776 m 44 1 0000
777 m 19 1 0000
778 - - 1 0000
779 m 18 1 0000
780 m 21 1 0000
781 m 51 1 0000
782 m 23 1 0000
783 m 58 1 0000
784 f 26 1 0000
785 f 57 1 0000
786 f 52 1 0000
787 m 19 1 0000
788 f 29 1 0000
789 f 22 1 0000
790 f 23 1 0000
791 m 58 1 0000
792 m 29 1 0000
793 m 21 1 0000
794 m 59 1 0000
795 f 35 1 0000
796 m 58 1 0000
797 m 65 1 0000
798 m 27 1 0000
799 f 52 1 0000
800 f 50 1 0000
801 m 44 1 0000
802 m 28 1 0000
803 f 20 1 0000
804 m 34 1 0000
805 m 36 1 0000
806 m 19 1 0000
807 m 56 1 0000
808 m 45 1 0000
809 f 46 1 0000
810 m 24 1 0000
811 f 22 1 0000
812 f 55 1 0000
813 m 48 1 0000
814 f 38 1 0000
815 f 62 1 0000
816 f 21 1 0000
817 - - 1 0000
818 f 50 1 0000
819 m 22 1 0000
820 f 50 1 0000
821 f 54 1 0000
822 m 20 1 0000
823 m 51 1 0000
824 f 19 1 0000
825 m 44 0 0001
826 m 63 1 0000
827 - - 1 0000
828 f 60 1 0000
829 f 56 1 0000
830 f 19 1 0000
831 f 48 1 0000
832 f 60 0 1111
833 m 22 1 0000
834 m 50 0 0011
835 m 55 1 0000
836 - - 1 0000
837 f 58 1 0000
838 f 33 1 0000
839 m 27 1 0000
840 m 19 1 0000
841 m 60 1 0000
842 m 22 1 0000
843 m 27 1 0000
844 m 40 1 0000
845 f 52 1 0000
846 m 21 1 0000
847 f 63 1 0000
